position	pressure	density	temperature	xvelocity
-0.2650702832182038	1	1	1	0.0
-0.2644827008856464	1	1	1	0.0
-0.263895118553089	1	1	1	0.0
-0.2633075362205316	1	1	1	0.0
-0.2627199538879742	1	1	1	0.0
-0.2621323715554168	1	1	1	0.0
-0.2615447892228594	1	1	1	0.0
-0.260957206890302	1	1	1	0.0
-0.2603696245577446	1	1	1	0.0
-0.2597820422251872	1	1	1	0.0
-0.2591944598926298	1	1	1	0.0
-0.2586068775600724	1	1	1	0.0
-0.258019295227515	1	1	1	0.0
-0.2574317128949576	1	1	1	0.0
-0.2568441305624002	1	1	1	0.0
-0.2562565482298428	1	1	1	0.0
-0.2556689658972854	1	1	1	0.0
-0.2550813835647279	1	1	1	0.0
-0.2544938012321705	1	1	1	0.0
-0.2539062188996131	1	1	1	0.0
-0.2533186365670557	1	1	1	0.0
-0.2527310542344983	1	1	1	0.0
-0.2521434719019409	1	1	1	0.0
-0.2515558895693835	1	1	1	0.0
-0.2509683072368261	1	1	1	0.0
-0.2503807249042687	1	1	1	0.0
-0.2497931425717113	1	1	1	0.0
-0.2492055602391539	1	1	1	0.0
-0.2486179779065965	1	1	1	0.0
-0.2480303955740391	1	1	1	0.0
-0.2474428132414817	1	1	1	0.0
-0.2468552309089243	1	1	1	0.0
-0.2462676485763669	1	1	1	0.0
-0.2456800662438095	1	1	1	0.0
-0.2450924839112521	1	1	1	0.0
-0.2445049015786947	1	1	1	0.0
-0.2439173192461373	1	1	1	0.0
-0.2433297369135799	1	1	1	0.0
-0.2427421545810225	1	1	1	0.0
-0.2421545722484651	1	1	1	0.0
-0.2415669899159077	1	1	1	0.0
-0.2409794075833503	1	1	1	0.0
-0.24039182525079286	1	1	1	0.0
-0.23980424291823546	1	1	1	0.0
-0.23921666058567806	1	1	1	0.0
-0.23862907825312066	1	1	1	0.0
-0.23804149592056326	1	1	1	0.0
-0.23745391358800585	1	1	1	0.0
-0.23686633125544845	1	1	1	0.0
-0.23627874892289105	1	1	1	0.0
-0.23569116659033365	1	1	1	0.0
-0.23510358425777625	1	1	1	0.0
-0.23451600192521885	1	1	1	0.0
-0.23392841959266145	1	1	1	0.0
-0.23334083726010402	1	1	1	0.0
-0.23275325492754662	1	1	1	0.0
-0.23216567259498921	1	1	1	0.0
-0.2315780902624318	1	1	1	0.0
-0.2309905079298744	1	1	1	0.0
-0.230402925597317	1	1	1	0.0
-0.2298153432647596	1	1	1	0.0
-0.2292277609322022	1	1	1	0.0
-0.2286401785996448	1	1	1	0.0
-0.2280525962670874	1	1	1	0.0
-0.22746501393453	1	1	1	0.0
-0.2268774316019726	1	1	1	0.0
-0.2262898492694152	1	1	1	0.0
-0.2257022669368578	1	1	1	0.0
-0.2251146846043004	1	1	1	0.0
-0.224527102271743	1	1	1	0.0
-0.2239395199391856	1	1	1	0.0
-0.2233519376066282	1	1	1	0.0
-0.2227643552740708	1	1	1	0.0
-0.2221767729415134	1	1	1	0.0
-0.221589190608956	1	1	1	0.0
-0.22100160827639856	1	1	1	0.0
-0.22041402594384116	1	1	1	0.0
-0.21982644361128376	1	1	1	0.0
-0.21923886127872635	1	1	1	0.0
-0.21865127894616895	1	1	1	0.0
-0.21806369661361155	1	1	1	0.0
-0.21747611428105415	1	1	1	0.0
-0.21688853194849675	1	1	1	0.0
-0.21630094961593935	1	1	1	0.0
-0.21571336728338195	1	1	1	0.0
-0.21512578495082454	1	1	1	0.0
-0.21453820261826712	1	1	1	0.0
-0.21395062028570971	1	1	1	0.0
-0.2133630379531523	1	1	1	0.0
-0.2127754556205949	1	1	1	0.0
-0.2121878732880375	1	1	1	0.0
-0.2116002909554801	1	1	1	0.0
-0.2110127086229227	1	1	1	0.0
-0.2104251262903653	1	1	1	0.0
-0.2098375439578079	1	1	1	0.0
-0.2092499616252505	1	1	1	0.0
-0.2086623792926931	1	1	1	0.0
-0.2080747969601357	1	1	1	0.0
-0.2074872146275783	1	1	1	0.0
-0.2068996322950209	1	1	1	0.0
-0.2063120499624635	1	1	1	0.0
-0.2057244676299061	1	1	1	0.0
-0.2051368852973487	1	1	1	0.0
-0.2045493029647913	1	1	1	0.0
-0.2039617206322339	1	1	1	0.0
-0.2033741382996765	1	1	1	0.0
-0.2027865559671191	1	1	1	0.0
-0.20219897363456169	1	1	1	0.0
-0.20161139130200426	1	1	1	0.0
-0.20102380896944685	1	1	1	0.0
-0.20043622663688945	1	1	1	0.0
-0.19984864430433205	1	1	1	0.0
-0.19926106197177465	1	1	1	0.0
-0.19867347963921725	1	1	1	0.0
-0.19808589730665985	1	1	1	0.0
-0.19749831497410245	1	1	1	0.0
-0.19691073264154504	1	1	1	0.0
-0.19632315030898762	1	1	1	0.0
-0.1957355679764302	1	1	1	0.0
-0.1951479856438728	1	1	1	0.0
-0.1945604033113154	1	1	1	0.0
-0.193972820978758	1	1	1	0.0
-0.1933852386462006	1	1	1	0.0
-0.1927976563136432	1	1	1	0.0
-0.1922100739810858	1	1	1	0.0
-0.1916224916485284	1	1	1	0.0
-0.191034909315971	1	1	1	0.0
-0.1904473269834136	1	1	1	0.0
-0.1898597446508562	1	1	1	0.0
-0.1892721623182988	1	1	1	0.0
-0.1886845799857414	1	1	1	0.0
-0.188096997653184	1	1	1	0.0
-0.1875094153206266	1	1	1	0.0
-0.1869218329880692	1	1	1	0.0
-0.1863342506555118	1	1	1	0.0
-0.1857466683229544	1	1	1	0.0
-0.185159085990397	1	1	1	0.0
-0.1845715036578396	1	1	1	0.0
-0.18398392132528218	1	1	1	0.0
-0.18339633899272478	1	1	1	0.0
-0.18280875666016735	1	1	1	0.0
-0.18222117432760995	1	1	1	0.0
-0.18163359199505255	1	1	1	0.0
-0.18104600966249515	1	1	1	0.0
-0.18045842732993775	1	1	1	0.0
-0.17987084499738035	1	1	1	0.0
-0.17928326266482295	1	1	1	0.0
-0.17869568033226554	1	1	1	0.0
-0.17810809799970814	1	1	1	0.0
-0.1775205156671507	1	1	1	0.0
-0.1769329333345933	1	1	1	0.0
-0.1763453510020359	1	1	1	0.0
-0.1757577686694785	1	1	1	0.0
-0.1751701863369211	1	1	1	0.0
-0.1745826040043637	1	1	1	0.0
-0.1739950216718063	1	1	1	0.0
-0.1734074393392489	1	1	1	0.0
-0.1728198570066915	1	1	1	0.0
-0.1722322746741341	1	1	1	0.0
-0.1716446923415767	1	1	1	0.0
-0.1710571100090193	1	1	1	0.0
-0.1704695276764619	1	1	1	0.0
-0.1698819453439045	1	1	1	0.0
-0.1692943630113471	1	1	1	0.0
-0.1687067806787897	1	1	1	0.0
-0.1681191983462323	1	1	1	0.0
-0.1675316160136749	1	1	1	0.0
-0.1669440336811175	1	1	1	0.0
-0.16635645134856009	1	1	1	0.0
-0.16576886901600268	1	1	1	0.0
-0.16518128668344528	1	1	1	0.0
-0.16459370435088788	1	1	1	0.0
-0.16400612201833045	1	1	1	0.0
-0.16341853968577305	1	1	1	0.0
-0.16283095735321565	1	1	1	0.0
-0.16224337502065825	1	1	1	0.0
-0.16165579268810085	1	1	1	0.0
-0.16106821035554345	1	1	1	0.0
-0.16048062802298604	1	1	1	0.0
-0.15989304569042864	1	1	1	0.0
-0.15930546335787124	1	1	1	0.0
-0.1587178810253138	1	1	1	0.0
-0.1581302986927564	1	1	1	0.0
-0.157542716360199	1	1	1	0.0
-0.1569551340276416	1	1	1	0.0
-0.1563675516950842	1	1	1	0.0
-0.1557799693625268	1	1	1	0.0
-0.1551923870299694	1	1	1	0.0
-0.154604804697412	1	1	1	0.0
-0.1540172223648546	1	1	1	0.0
-0.1534296400322972	1	1	1	0.0
-0.1528420576997398	1	1	1	0.0
-0.1522544753671824	1	1	1	0.0
-0.151666893034625	1	1	1	0.0
-0.1510793107020676	1	1	1	0.0
-0.1504917283695102	1	1	1	0.0
-0.1499041460369528	1	1	1	0.0
-0.1493165637043954	1	1	1	0.0
-0.148728981371838	1	1	1	0.0
-0.14814139903928059	1	1	1	0.0
-0.14755381670672318	1	1	1	0.0
-0.14696623437416578	1	1	1	0.0
-0.14637865204160838	1	1	1	0.0
-0.14579106970905098	1	1	1	0.0
-0.14520348737649355	1	1	1	0.0
-0.14461590504393615	1	1	1	0.0
-0.14402832271137875	1	1	1	0.0
-0.14344074037882135	1	1	1	0.0
-0.14285315804626394	1	1	1	0.0
-0.14226557571370654	1	1	1	0.0
-0.14167799338114914	1	1	1	0.0
-0.14109041104859174	1	1	1	0.0
-0.14050282871603434	1	1	1	0.0
-0.13991524638347694	1	1	1	0.0
-0.13932766405091954	1	1	1	0.0
-0.13874008171836213	1	1	1	0.0
-0.1381524993858047	1	1	1	0.0
-0.1375649170532473	1	1	1	0.0
-0.1369773347206899	1	1	1	0.0
-0.1363897523881325	1	1	1	0.0
-0.1358021700555751	1	1	1	0.0
-0.1352145877230177	1	1	1	0.0
-0.1346270053904603	1	1	1	0.0
-0.1340394230579029	1	1	1	0.0
-0.1334518407253455	1	1	1	0.0
-0.1328642583927881	1	1	1	0.0
-0.1322766760602307	1	1	1	0.0
-0.1316890937276733	1	1	1	0.0
-0.1311015113951159	1	1	1	0.0
-0.1305139290625585	1	1	1	0.0
-0.12992634673000109	1	1	1	0.0
-0.12933876439744368	1	1	1	0.0
-0.12875118206488628	1	1	1	0.0
-0.12816359973232885	1	1	1	0.0
-0.12757601739977145	1	1	1	0.0
-0.12698843506721405	1	1	1	0.0
-0.12640085273465665	1	1	1	0.0
-0.12581327040209925	1	1	1	0.0
-0.12522568806954185	1	1	1	0.0
-0.12463810573698444	1	1	1	0.0
-0.12405052340442704	1	1	1	0.0
-0.12346294107186964	1	1	1	0.0
-0.12287535873931224	1	1	1	0.0
-0.12228777640675484	1	1	1	0.0
-0.12170019407419744	1	1	1	0.0
-0.12111261174164004	1	1	1	0.0
-0.12052502940908263	1	1	1	0.0
-0.11993744707652523	1	1	1	0.0
-0.1193498647439678	1	1	1	0.0
-0.1187622824114104	1	1	1	0.0
-0.118174700078853	0.9985524888036211	0.998965849493446	0.999586211390475	0.001224129859494355
-0.1175871177462956	0.9927803887773804	0.9948377996645755	0.9979319132346108	0.006120649297472701
-0.1169995354137382	0.9870369113449189	0.9907234078773665	0.9962789851303242	0.011017168735451045
-0.1164119530811808	0.9813219381306472	0.9866226402120624	0.9946274270776151	0.01591368817342939
-0.1158243707486234	0.9756353511509567	0.9825354628051137	0.9929772390764834	0.020810207611407738
-0.115236788416066	0.9699770328132453	0.9784618418491301	0.9913284211269293	0.02570672704938608
-0.11464920608350859	0.964346865914945	0.9744017435928346	0.9896809732289528	0.030603246487364427
-0.11406162375095119	0.9587447336425506	0.9703551343410172	0.9880348953825536	0.03549976592534278
-0.11347404141839379	0.9531705195706504	0.9663219804544871	0.9863901875877321	0.04039628536332112
-0.11288645908583639	0.9476241076609578	0.9623022483500276	0.984746849844488	0.04529280480129947
-0.11229887675327899	0.9421053822613454	0.9582959045003475	0.9831048821528213	0.050189324239277806
-0.11171129442072159	0.9366142281048826	0.954302915434038	0.9814642845127323	0.05508584367725615
-0.11112371208816418	0.9311505303088679	0.9503232477355216	0.9798250569242208	0.05998236311523449
-0.11053612975560678	0.9257141743738713	0.9463568680450087	0.9781871993872868	0.06487888255321284
-0.10994854742304938	0.9203050461827731	0.9424037430584499	0.9765507119019303	0.06977540199119119
-0.10936096509049195	0.914923031999806	0.9384638395274892	0.9749155944681513	0.07467192142916977
-0.10877338275793455	0.9095680184695984	0.9345371242594183	0.9732818470859499	0.07956844086714811
-0.10818580042537715	0.9042398926162188	0.930623564117128	0.9716494697553257	0.08446496030512647
-0.10759821809281975	0.8989385418422251	0.9267231260190655	0.9700184624762793	0.08936147974310481
-0.10701063576026235	0.8936638539277086	0.922835776939183	0.9683888252488104	0.09425799918108316
-0.10642305342770494	0.888415717029347	0.9189614839068944	0.966760558072919	0.0991545186190615
-0.10583547109514754	0.883194019679454	0.9151002140070269	0.9651336609486052	0.10405103805703984
-0.10524788876259014	0.8779986507850339	0.9112519343797763	0.9635081338758689	0.10894755749501818
-0.10466030643003274	0.8728294996268349	0.9074166122206581	0.96188397685471	0.11384407693299654
-0.10407272409747534	0.8676864558584058	0.9035942147804629	0.9602611898851287	0.11874059637097488
-0.10348514176491794	0.8625694095051537	0.8997847093652083	0.9586397729671249	0.12363711580895323
-0.10289755943236054	0.8574782509634035	0.8959880633360935	0.9570197261006985	0.12853363524693157
-0.10230997709980313	0.8524128709994584	0.8922042441094514	0.9554010492858498	0.13343015468490993
-0.10172239476724573	0.847373160748663	0.8884332191567037	0.9537837425225785	0.13832667412288827
-0.10113481243468833	0.8423590117144663	0.8846749560043117	0.9521678058108846	0.1432231935608666
-0.1005472301021309	0.8373703157674903	0.8809294222337336	0.9505532391507683	0.14811971299884516
-0.0999596477695735	0.8324069651445936	0.877196585481374	0.9489400425422295	0.15301623243682352
-0.0993720654370161	0.8274688524479418	0.873476413438539	0.9473282159852683	0.15791275187480186
-0.0987844831044587	0.8225558706440788	0.8697688738513898	0.9457177594798847	0.1628092713127802
-0.0981969007719013	0.8176679130629975	0.8660739345208955	0.9441086730260785	0.16770579075075856
-0.0976093184393439	0.8128048733972142	0.8623915633027871	0.9425009566238498	0.17260231018873692
-0.0970217361067865	0.8079666457008438	0.8587217281075105	0.9408946102731987	0.17749882962671526
-0.09643415377422909	0.8031531243886751	0.8550643969001792	0.9392896339741248	0.1823953490646936
-0.09584657144167169	0.7983642042352527	0.8514195377005302	0.9376860277266286	0.18729186850267193
-0.09525898910911429	0.7935997803739523	0.8477871185828739	0.93608379153071	0.1921883879406503
-0.09467140677655689	0.7888597482960652	0.8441671076760502	0.9344829253863689	0.19708490737862863
-0.09408382444399949	0.7841440038498803	0.8405594731633801	0.9328834292936053	0.20198142681660697
-0.09349624211144208	0.7794524432397689	0.8369641832826209	0.9312853032524192	0.2068779462545853
-0.09290865977888468	0.7747849630252711	0.8333812063259177	0.9296885472628107	0.21177446569256367
-0.09232107744632728	0.7701414601201831	0.8298105106397585	0.9280931613247796	0.216670985130542
-0.09173349511376988	0.7655218317916468	0.8262520646249263	0.9264991454383261	0.22156750456852037
-0.09114591278121248	0.7609259756592404	0.8227058367364531	0.9249064996034501	0.2264640240064987
-0.09055833044865505	0.7563537896940703	0.8191717954835728	0.9233152238201514	0.2313605434444773
-0.08997074811609765	0.7518051722178679	0.8156499094296764	0.9217253180884304	0.23625706288245563
-0.08938316578354025	0.7472800219020808	0.8121401471922624	0.9201367824082869	0.241153582320434
-0.08879558345098285	0.7427782377669727	0.8086424774428922	0.9185496167797209	0.24605010175841233
-0.08820800111842544	0.7382997191807218	0.8051568689071434	0.9169638212027325	0.25094662119639066
-0.08762041878586804	0.73384436585852	0.8016832903645625	0.9153793956773215	0.255843140634369
-0.08703283645331064	0.7294120778616757	0.798221710648619	0.9137963402034881	0.2607396600723474
-0.08644525412075324	0.7250027555967167	0.7947720986466581	0.9122146547812322	0.2656361795103257
-0.08585767178819584	0.7206162998144946	0.7913344232998545	0.9106343394105538	0.27053269894830406
-0.08527008945563844	0.7162526116092921	0.7879086536031659	0.909055394091453	0.27542921838628237
-0.08468250712308104	0.7119115924179295	0.7844947586052854	0.9074778188239294	0.28032573782426073
-0.08409492479052363	0.7075931440188773	0.7810927074085977	0.9059016136079836	0.2852222572622391
-0.08350734245796623	0.703297168531363	0.7777024691691286	0.9043267784436152	0.2901187767002174
-0.08291976012540883	0.6990235684144868	0.7743240130965008	0.9027533133308244	0.29501529613819577
-0.08233217779285143	0.6947722464663342	0.7709573084538869	0.9011812182696112	0.2999118155761741
-0.081744595460294	0.6905431058230928	0.767602324557963	0.8996104932599753	0.30480833501415266
-0.0811570131277366	0.6863360499581678	0.7642590307788607	0.8980411383019169	0.30970485445213103
-0.0805694307951792	0.6821509826813038	0.7609273965401233	0.8964731533954361	0.31460137389010934
-0.0799818484626218	0.6779878081377017	0.7576073913186563	0.8949065385405328	0.3194978933280877
-0.0793942661300644	0.6738464308071418	0.7542989846446818	0.8933412937372072	0.3243944127660661
-0.078806683797507	0.6697267555031081	0.7510021461016928	0.8917774189854589	0.32929093220404443
-0.07821910146494959	0.6656286873719118	0.7477168453264051	0.8902149142852882	0.3341874516420228
-0.07763151913239219	0.6615521318918187	0.7444430520087121	0.888653779636695	0.3390839710800011
-0.07704393679983479	0.6574969948721764	0.7411807358916369	0.8870940150396793	0.34398049051797946
-0.07645635446727739	0.6534631824525443	0.7379298667712869	0.8855356204942412	0.3488770099559578
-0.07586877213471999	0.6494506011018246	0.7346904144968065	0.8839785960003805	0.35377352939393614
-0.07528118980216258	0.6454591576173943	0.7314623489703301	0.8824229415580974	0.35867004883191445
-0.07469360746960518	0.6414887591242397	0.7282456401469367	0.8808686571673918	0.36356656826989286
-0.07410602513704778	0.6375393130740916	0.7250402580346017	0.8793157428282634	0.36846308770787123
-0.07351844280449038	0.633610727244564	0.7218461726941527	0.8777641985407129	0.37335960714584954
-0.07293086047193298	0.6297029097382898	0.71866335423922	0.8762140243047398	0.3782561265838279
-0.07234327813937558	0.6258157689820631	0.7154917728361919	0.8746652201203442	0.3831526460218062
-0.07175569580681815	0.6219492137259804	0.7123313987041674	0.8731177859875262	0.3880491654597848
-0.07116811347426075	0.6181031530425836	0.70918220211491	0.8715717219062856	0.39294568489776316
-0.07058053114170335	0.6142774963260046	0.7060441533928006	0.8700270278766227	0.39784220433574147
-0.06999294880914594	0.6104721532911112	0.702917222914791	0.8684837038985369	0.40273872377371983
-0.06940536647658854	0.6066870339726568	0.6998013811103583	0.866941749972029	0.40763524321169814
-0.06881778414403114	0.6029220487244266	0.6966965984614566	0.8654011660970985	0.41253176264967656
-0.06823020181147374	0.5991771082183902	0.6936028455024716	0.8638619522737455	0.41742828208765487
-0.06764261947891634	0.5954521234438537	0.6905200928201735	0.86232410850197	0.42232480152563323
-0.06705503714635894	0.5917470057066129	0.6874483110536703	0.8607876347817721	0.42722132096361154
-0.06646745481380154	0.5880616666281089	0.6843874708943619	0.8592525311131517	0.4321178404015899
-0.06587987248124413	0.584396018144585	0.6813375430858926	0.8577187974961088	0.43701435983956827
-0.06529229014868673	0.5807499725062447	0.6782984984241052	0.8561864339306434	0.4419108792775466
-0.06470470781612933	0.5771234422764113	0.6752703077569935	0.8546554404167556	0.44680739871552494
-0.06411712548357193	0.5735163403306899	0.6722529419846571	0.8531258169544452	0.4517039181535033
-0.06352954315101453	0.5699285798561292	0.6692463720592536	0.8515975635437123	0.45660043759148167
-0.0629419608184571	0.566360074350386	0.6662505689849519	0.8500706801845568	0.4614969570294602
-0.0623543784858997	0.5628107376208926	0.6632655038178872	0.848545166876979	0.46639347646743856
-0.061766796153342296	0.5592804837840212	0.6602911476661123	0.8470210236209786	0.4712899959054169
-0.061179213820784895	0.5557692272642545	0.6573274716895521	0.8454982504165559	0.47618651534339523
-0.06059163148822749	0.5522768827933556	0.6543744470999572	0.8439768472637106	0.4810830347813736
-0.06000404915567009	0.5488033654095398	0.6514320451608565	0.8424568141624429	0.4859795542193519
-0.05941646682311269	0.5453485904566473	0.6485002371875113	0.8409381511127526	0.49087607365733027
-0.05882888449055529	0.5419124735833186	0.6455789945468683	0.8394208581146398	0.4957725930953086
-0.05824130215799789	0.53849493074217	0.6426682886575129	0.8379049351681045	0.5006691125332869
-0.057653719825440486	0.5350958781889729	0.6397680909896238	0.8363903822731468	0.5055656319712654
-0.057066137492883084	0.5317152324818302	0.6368783730649245	0.8348771994297666	0.5104621514092437
-0.05647855516032568	0.5283529104803592	0.6339991064566373	0.8333653866379639	0.515358670847222
-0.05589097282776828	0.525008829344873	0.631130262789438	0.8318549438977387	0.5202551902852004
-0.05530339049521088	0.5216829065355639	0.6282718137394072	0.8303458712090911	0.5251517097231787
-0.05471580816265348	0.5183750598116892	0.625423731033986	0.828838168572021	0.530048229161157
-0.05412822583009608	0.5150852072307566	0.6225859864519269	0.8273318359865284	0.5349447485991353
-0.053540643497538676	0.5118132671477135	0.6197585518232495	0.8258268734526132	0.5398412680371137
-0.05295306116498125	0.5085591582141352	0.6169413990291918	0.8243232809702754	0.5447377874750923
-0.052365478832423845	0.5053227993774182	0.614134500002166	0.8228210585395154	0.5496343069130706
-0.051777896499866444	0.5021041098799696	0.6113378267257095	0.8213202061603329	0.554530826351049
-0.05119031416730904	0.49890300925840286	0.6085513512344397	0.8198207238327277	0.5594273457890274
-0.05060273183475164	0.4957194173427333	0.6057750456140069	0.8183226115567003	0.5643238652270057
-0.05001514950219424	0.49255325425557417	0.6030088820010479	0.8168258693322502	0.5692203846649839
-0.04942756716963684	0.4894044404113356	0.6002528325831392	0.8153304971593777	0.5741169041029623
-0.048839984837079436	0.48627289651542405	0.5975068695987508	0.8138364950380828	0.5790134235409408
-0.048252402504522035	0.4831585435634439	0.594770965337199	0.8123438629683652	0.5839099429789191
-0.047664820171964634	0.48006130284039944	0.5920450921386	0.810852600950225	0.5888064624168975
-0.04707723783940723	0.4769810959199013	0.5893292223938246	0.8093627089836628	0.5937029818548757
-0.04648965550684983	0.47391784466336756	0.5866233285444478	0.8078741870686776	0.5985995012928541
-0.04590207317429243	0.4708714712192366	0.5839273830827075	0.8063870352052702	0.6034960207308324
-0.04531449084173503	0.4678418980221713	0.5812413585514539	0.8049012533934403	0.6083925401688108
-0.044726908509177626	0.4648290477922708	0.5785652275441041	0.8034168416331879	0.6132890596067893
-0.0441393261766202	0.46183284353428183	0.5758989627045956	0.8019337999245131	0.6181855790447678
-0.043551743844062796	0.4588532085368116	0.57324253672734	0.8004521282674157	0.623082098482746
-0.042964161511505394	0.4558900663715418	0.5705959223571756	0.7989718266618957	0.6279786179207244
-0.04237657917894799	0.4529433408924458	0.5679590923893217	0.7974928951079534	0.6328751373587028
-0.04178899684639059	0.4500129562350041	0.5653320196693316	0.7960153336055885	0.6377716567966811
-0.04120141451383319	0.44709883681542395	0.562714677093045	0.7945391421548013	0.6426681762346594
-0.04061383218127579	0.44420090732985973	0.5601070376065432	0.7930643207555914	0.6475646956726377
-0.04002624984871839	0.44131909275363423	0.5575090742061014	0.7915908694079592	0.6524612151106162
-0.039438667516160986	0.43845331834046186	0.554920759938142	0.7901187881119044	0.6573577345485945
-0.038851085183603584	0.43560350962167316	0.5523420678991888	0.7886480768674272	0.6622542539865728
-0.03826350285104618	0.4327695924054408	0.5497729712358196	0.7871787356745275	0.6671507734245512
-0.03767592051848878	0.42995149277600675	0.5472134431446197	0.7857107645332052	0.6720472928625295
-0.03708833818593138	0.427149137092911	0.5446634568721354	0.7842441634434603	0.6769438123005079
-0.03650075585337398	0.42436245199022377	0.5421229857148289	0.7827789324052933	0.6818403317384861
-0.03591317352081658	0.4215913643757727	0.5395920030190274	0.7813150714187035	0.6867368511764645
-0.035325591188259176	0.4188358014303816	0.5370704821808826	0.7798525804836913	0.6916333706144429
-0.034738008855701774	0.41609569060710083	0.5345583966463185	0.7783914596002567	0.6965298900524213
-0.034150426523144345	0.41337095963044507	0.5320557199109883	0.7769317087683995	0.7014264094903998
-0.03356284419058694	0.4106615364956305	0.5295624255202259	0.7754733279881199	0.7063229289283782
-0.03297526185802954	0.40796734946781354	0.5270784870690006	0.7740163172594178	0.7112194483663564
-0.03238767952547214	0.40528832708133156	0.5246038782018699	0.7725606765822932	0.7161159678043348
-0.03180009719291474	0.40262439813894385	0.5221385726129325	0.7711064059567461	0.7210124872423133
-0.031212514860357338	0.39997549171107555	0.5196825440457823	0.7696535053827765	0.7259090066802916
-0.030624932527799936	0.3973415371350614	0.5172357662934616	0.7682019748603843	0.7308055261182699
-0.030037350195242535	0.39472246401439315	0.5147982131984149	0.7667518143895697	0.7357020455562482
-0.029449767862685133	0.3921182022179653	0.5123698586524412	0.7653030239703328	0.7405985649942266
-0.028862185530127732	0.3895286818793247	0.5099506765966487	0.7638556036026732	0.7454950844322049
-0.02827460319757033	0.3869538333959211	0.5075406410214071	0.7624095532865912	0.7503916038701833
-0.02768702086501293	0.38439358742835833	0.5051397259663015	0.7609648730220868	0.7552881233081616
-0.027099438532455528	0.38184787489964767	0.5027479055200862	0.7595215628091598	0.76018464274614
-0.026511856199898126	0.3793166269944621	0.5003651538206371	0.7580796226478104	0.7650811621841184
-0.025924273867340725	0.3767997751583927	0.497991445054906	0.7566390525380384	0.7699776816220967
-0.025336691534783295	0.37429725109720496	0.49562675345887325	0.7551998524798438	0.7748742010600753
-0.024749109202225894	0.3718089867760995	0.4932710533175024	0.7537620224732269	0.7797707204980535
-0.024161526869668493	0.36933491441896993	0.4909243189646919	0.7523255625181875	0.7846672399360319
-0.02357394453711109	0.36687496650766555	0.4885865247832295	0.7508904726147256	0.7895637593740102
-0.02298636220455369	0.36442907578125444	0.4862576452047456	0.7494567527628413	0.7944602788119887
-0.02239877987199629	0.3619971752352874	0.48393765470966643	0.7480244029625345	0.7993567982499669
-0.021811197539438887	0.359579198121064	0.4816265278271676	0.7465934232138051	0.8042533176879453
-0.021223615206881485	0.35717507794489955	0.47932423913512706	0.7451638135166533	0.8091498371259237
-0.020636032874324084	0.354784748467394	0.4770307632600794	0.743735573871079	0.814046356563902
-0.020048450541766683	0.35240814370270124	0.4747460748771682	0.742308704277082	0.8189428760018804
-0.01946086820920928	0.35004519791780214	0.4724701487101006	0.740883204734663	0.8238393954398586
-0.01887328587665188	0.3476958456317741	0.4702029595310988	0.7394590752438209	0.828735914877837
-0.018285703544094478	0.3453600216150693	0.467944482160856	0.7380363158045568	0.8336324343158154
-0.017698121211537077	0.343037660888787	0.4656946914684877	0.73661492641687	0.8385289537537938
-0.017110538878979675	0.3407286987239521	0.4634535623714859	0.7351949070807607	0.843425473191772
-0.016522956546422274	0.33843307064079303	0.46122106983567257	0.733776257796229	0.8483219926297504
-0.015935374213864872	0.33615071240802147	0.4589971888751528	0.7323589785632749	0.8532185120677288
-0.015347791881307443	0.33388156004211345	0.45678189455226825	0.730943069381898	0.8581150315057073
-0.01476020954875007	0.3316255498065927	0.4545751619775512	0.7295285302520989	0.8630115509436855
-0.014172627216192668	0.3293826182113133	0.45237696630967683	0.7281153611738774	0.8679080703816637
-0.013585044883635267	0.3271527020117447	0.4501872827554163	0.7267035621472331	0.8728045898196422
-0.012997462551077865	0.3249357382082608	0.4480060865695928	0.7252931331721665	0.8777011092576205
-0.012409880218520464	0.3227316640454254	0.4458333530550318	0.7238840742486773	0.8825976286955989
-0.011822297885963062	0.32054041701128283	0.44366905756251607	0.7224763853767657	0.8874941481335772
-0.011234715553405605	0.31836193483664826	0.44151317549073854	0.7210700665564315	0.892390667571556
-0.010647133220848204	0.3161961554944014	0.43936568228625705	0.7196651177876751	0.8972871870095342
-0.010059550888290802	0.3140430171987768	0.43722655344344447	0.7182615390704958	0.9021837064475127
-0.009471968555733401	0.31190245840466296	0.43509576450444626	0.7168593304048944	0.907080225885491
-0.008884386223176	0.3097744178068954	0.43297329105913107	0.7154584917908703	0.9119767453234694
-0.008296803890618598	0.3076588343395557	0.43085910874504446	0.7140590232284239	0.9168732647614478
-0.007709221558061197	0.30555564717527056	0.4287531932473635	0.7126609247175548	0.921769784199426
-0.007121639225503795	0.30346479572451185	0.4266555202988488	0.7112641962582633	0.9266663036374044
-0.006534056892946394	0.3029849344381865	0.4260378462691683	0.7111690594895232	0.927
-0.005946474560388992	0.3029849344381865	0.4260378462691683	0.7111690594895232	0.927
-0.005358892227831591	0.3029849344381865	0.4260378462691683	0.7111690594895232	0.927
-0.0047713098952741895	0.3029849344381865	0.4260378462691683	0.7111690594895232	0.927
-0.004183727562716788	0.3029849344381865	0.4260378462691683	0.7111690594895232	0.927
-0.0035961452301593866	0.3029849344381865	0.4260378462691683	0.7111690594895232	0.927
-0.003008562897601985	0.3029849344381865	0.4260378462691683	0.7111690594895232	0.927
-0.0024209805650445837	0.3029849344381865	0.4260378462691683	0.7111690594895232	0.927
-0.0018333982324871823	0.3029849344381865	0.4260378462691683	0.7111690594895232	0.927
-0.0012458158999297808	0.3029849344381865	0.4260378462691683	0.7111690594895232	0.927
-0.0006582335673723794	0.3029849344381865	0.4260378462691683	0.7111690594895232	0.927
-0.00007065123481497793	0.3029849344381865	0.4260378462691683	0.7111690594895232	0.927
0.0005169310977424235	0.3029849344381865	0.4260378462691683	0.7111690594895232	0.927
0.001104513430299825	0.3029849344381865	0.4260378462691683	0.7111690594895232	0.927
0.0016920957628572264	0.3029849344381865	0.4260378462691683	0.7111690594895232	0.927
0.002279678095414628	0.3029849344381865	0.4260378462691683	0.7111690594895232	0.927
0.0028672604279720293	0.3029849344381865	0.4260378462691683	0.7111690594895232	0.927
0.0034548427605294307	0.3029849344381865	0.4260378462691683	0.7111690594895232	0.927
0.004042425093086832	0.3029849344381865	0.4260378462691683	0.7111690594895232	0.927
0.004630007425644234	0.3029849344381865	0.4260378462691683	0.7111690594895232	0.927
0.005217589758201635	0.3029849344381865	0.4260378462691683	0.7111690594895232	0.927
0.0058051720907590365	0.3029849344381865	0.4260378462691683	0.7111690594895232	0.927
0.006392754423316438	0.3029849344381865	0.4260378462691683	0.7111690594895232	0.927
0.006980336755873839	0.3029849344381865	0.4260378462691683	0.7111690594895232	0.927
0.007567919088431241	0.3029849344381865	0.4260378462691683	0.7111690594895232	0.927
0.008155501420988698	0.3029849344381865	0.4260378462691683	0.7111690594895232	0.927
0.0087430837535461	0.3029849344381865	0.4260378462691683	0.7111690594895232	0.927
0.0093306660861035	0.3029849344381865	0.4260378462691683	0.7111690594895232	0.927
0.009918248418660902	0.3029849344381865	0.4260378462691683	0.7111690594895232	0.927
0.010505830751218304	0.3029849344381865	0.4260378462691683	0.7111690594895232	0.927
0.011093413083775705	0.3029849344381865	0.4260378462691683	0.7111690594895232	0.927
0.011680995416333106	0.3029849344381865	0.4260378462691683	0.7111690594895232	0.927
0.012268577748890508	0.3029849344381865	0.4260378462691683	0.7111690594895232	0.927
0.01285616008144791	0.3029849344381865	0.4260378462691683	0.7111690594895232	0.927
0.01344374241400531	0.3029849344381865	0.4260378462691683	0.7111690594895232	0.927
0.014031324746562712	0.3029849344381865	0.4260378462691683	0.7111690594895232	0.927
0.014618907079120114	0.3029849344381865	0.4260378462691683	0.7111690594895232	0.927
0.015206489411677515	0.3029849344381865	0.4260378462691683	0.7111690594895232	0.927
0.015794071744234917	0.3029849344381865	0.4260378462691683	0.7111690594895232	0.927
0.016381654076792318	0.3029849344381865	0.4260378462691683	0.7111690594895232	0.927
0.01696923640934972	0.3029849344381865	0.4260378462691683	0.7111690594895232	0.927
0.01755681874190712	0.3029849344381865	0.4260378462691683	0.7111690594895232	0.927
0.018144401074464522	0.3029849344381865	0.4260378462691683	0.7111690594895232	0.927
0.018731983407021924	0.3029849344381865	0.4260378462691683	0.7111690594895232	0.927
0.019319565739579325	0.3029849344381865	0.4260378462691683	0.7111690594895232	0.927
0.019907148072136727	0.3029849344381865	0.4260378462691683	0.7111690594895232	0.927
0.020494730404694128	0.3029849344381865	0.4260378462691683	0.7111690594895232	0.927
0.02108231273725153	0.3029849344381865	0.4260378462691683	0.7111690594895232	0.927
0.02166989506980893	0.3029849344381865	0.4260378462691683	0.7111690594895232	0.927
0.022257477402366332	0.3029849344381865	0.4260378462691683	0.7111690594895232	0.927
0.022845059734923734	0.3029849344381865	0.4260378462691683	0.7111690594895232	0.927
0.023432642067481135	0.3029849344381865	0.4260378462691683	0.7111690594895232	0.927
0.024020224400038537	0.3029849344381865	0.4260378462691683	0.7111690594895232	0.927
0.024607806732595938	0.3029849344381865	0.4260378462691683	0.7111690594895232	0.927
0.02519538906515334	0.3029849344381865	0.4260378462691683	0.7111690594895232	0.927
0.02578297139771074	0.3029849344381865	0.4260378462691683	0.7111690594895232	0.927
0.026370553730268198	0.3029849344381865	0.4260378462691683	0.7111690594895232	0.927
0.0269581360628256	0.3029849344381865	0.4260378462691683	0.7111690594895232	0.927
0.027545718395383	0.3029849344381865	0.4260378462691683	0.7111690594895232	0.927
0.028133300727940402	0.3029849344381865	0.4260378462691683	0.7111690594895232	0.927
0.028720883060497804	0.3029849344381865	0.4260378462691683	0.7111690594895232	0.927
0.029308465393055205	0.3029849344381865	0.4260378462691683	0.7111690594895232	0.927
0.029896047725612607	0.3029849344381865	0.4260378462691683	0.7111690594895232	0.927
0.030483630058170008	0.3029849344381865	0.4260378462691683	0.7111690594895232	0.927
0.03107121239072741	0.3029849344381865	0.4260378462691683	0.7111690594895232	0.927
0.03165879472328481	0.3029849344381865	0.4260378462691683	0.7111690594895232	0.927
0.03224637705584221	0.3029849344381865	0.4260378462691683	0.7111690594895232	0.927
0.032833959388399614	0.3029849344381865	0.4260378462691683	0.7111690594895232	0.927
0.033421541720957015	0.3029849344381865	0.4260378462691683	0.7111690594895232	0.927
0.03400912405351442	0.3029849344381865	0.4260378462691683	0.7111690594895232	0.927
0.03459670638607182	0.3029849344381865	0.4260378462691683	0.7111690594895232	0.927
0.03518428871862922	0.3029849344381865	0.4260378462691683	0.7111690594895232	0.927
0.03577187105118662	0.3029849344381865	0.4260378462691683	0.7111690594895232	0.927
0.03635945338374402	0.3029849344381865	0.4260378462691683	0.7111690594895232	0.927
0.036947035716301424	0.3029849344381865	0.4260378462691683	0.7111690594895232	0.927
0.037534618048858825	0.3029849344381865	0.4260378462691683	0.7111690594895232	0.927
0.03812220038141623	0.3029849344381865	0.4260378462691683	0.7111690594895232	0.927
0.03870978271397363	0.3029849344381865	0.4260378462691683	0.7111690594895232	0.927
0.03929736504653103	0.3029849344381865	0.4260378462691683	0.7111690594895232	0.927
0.03988494737908843	0.3029849344381865	0.4260378462691683	0.7111690594895232	0.927
0.04047252971164583	0.3029849344381865	0.4260378462691683	0.7111690594895232	0.927
0.041060112044203234	0.3029849344381865	0.4260378462691683	0.7111690594895232	0.927
0.041647694376760636	0.3029849344381865	0.4260378462691683	0.7111690594895232	0.927
0.04223527670931804	0.3029849344381865	0.4260378462691683	0.7111690594895232	0.927
0.04282285904187544	0.3029849344381865	0.4260378462691683	0.7111690594895232	0.927
0.04341044137443284	0.3029849344381865	0.4260378462691683	0.7111690594895232	0.927
0.04399802370699024	0.3029849344381865	0.4260378462691683	0.7111690594895232	0.927
0.04458560603954764	0.3029849344381865	0.4260378462691683	0.7111690594895232	0.927
0.045173188372105044	0.3029849344381865	0.4260378462691683	0.7111690594895232	0.927
0.0457607707046625	0.3029849344381865	0.4260378462691683	0.7111690594895232	0.927
0.0463483530372199	0.3029849344381865	0.4260378462691683	0.7111690594895232	0.927
0.046935935369777304	0.3029849344381865	0.4260378462691683	0.7111690594895232	0.927
0.047523517702334706	0.3029849344381865	0.4260378462691683	0.7111690594895232	0.927
0.04811110003489211	0.3029849344381865	0.4260378462691683	0.7111690594895232	0.927
0.04869868236744951	0.3029849344381865	0.4260378462691683	0.7111690594895232	0.927
0.04928626470000691	0.3029849344381865	0.4260378462691683	0.7111690594895232	0.927
0.04987384703256431	0.3029849344381865	0.4260378462691683	0.7111690594895232	0.927
0.05046142936512171	0.3029849344381865	0.4260378462691683	0.7111690594895232	0.927
0.051049011697679114	0.3029849344381865	0.4260378462691683	0.7111690594895232	0.927
0.051636594030236516	0.3029849344381865	0.4260378462691683	0.7111690594895232	0.927
0.05222417636279392	0.3029849344381865	0.4260378462691683	0.7111690594895232	0.927
0.05281175869535132	0.3029849344381865	0.4260378462691683	0.7111690594895232	0.927
0.05339934102790872	0.3029849344381865	0.4260378462691683	0.7111690594895232	0.927
0.05398692336046612	0.3029849344381865	0.4260378462691683	0.7111690594895232	0.927
0.05457450569302352	0.3029849344381865	0.4260378462691683	0.7111690594895232	0.927
0.055162088025580924	0.3029849344381865	0.4260378462691683	0.7111690594895232	0.927
0.055749670358138326	0.3029849344381865	0.4260378462691683	0.7111690594895232	0.927
0.05633725269069573	0.3029849344381865	0.4260378462691683	0.7111690594895232	0.927
0.05692483502325313	0.3029849344381865	0.4260378462691683	0.7111690594895232	0.927
0.05751241735581053	0.3029849344381865	0.4260378462691683	0.7111690594895232	0.927
0.05809999968836793	0.3029849344381865	0.4260378462691683	0.7111690594895232	0.927
0.05868758202092533	0.3029849344381865	0.4260378462691683	0.7111690594895232	0.927
0.059275164353482734	0.3029849344381865	0.4260378462691683	0.7111690594895232	0.927
0.059862746686040136	0.3029849344381865	0.4260378462691683	0.7111690594895232	0.927
0.06045032901859754	0.3029849344381865	0.4260378462691683	0.7111690594895232	0.927
0.06103791135115494	0.3029849344381865	0.4260378462691683	0.7111690594895232	0.927
0.06162549368371234	0.3029849344381865	0.4260378462691683	0.7111690594895232	0.927
0.06221307601626974	0.3029849344381865	0.4260378462691683	0.7111690594895232	0.927
0.06280065834882714	0.3029849344381865	0.4260378462691683	0.7111690594895232	0.927
0.06338824068138454	0.3029849344381865	0.4260378462691683	0.7111690594895232	0.927
0.063975823013942	0.3029849344381865	0.4260378462691683	0.7111690594895232	0.927
0.0645634053464994	0.3029849344381865	0.4260378462691683	0.7111690594895232	0.927
0.0651509876790568	0.3029849344381865	0.4260378462691683	0.7111690594895232	0.927
0.0657385700116142	0.3029849344381865	0.4260378462691683	0.7111690594895232	0.927
0.06632615234417161	0.3029849344381865	0.4260378462691683	0.7111690594895232	0.927
0.06691373467672901	0.3029849344381865	0.4260378462691683	0.7111690594895232	0.927
0.06750131700928641	0.3029849344381865	0.4260378462691683	0.7111690594895232	0.927
0.06808889934184381	0.3029849344381865	0.4260378462691683	0.7111690594895232	0.927
0.06867648167440121	0.3029849344381865	0.4260378462691683	0.7111690594895232	0.927
0.06926406400695861	0.3029849344381865	0.4260378462691683	0.7111690594895232	0.927
0.06985164633951602	0.3029849344381865	0.4260378462691683	0.7111690594895232	0.927
0.07043922867207342	0.3029849344381865	0.4260378462691683	0.7111690594895232	0.927
0.07102681100463082	0.3029849344381865	0.4260378462691683	0.7111690594895232	0.927
0.07161439333718822	0.3029849344381865	0.4260378462691683	0.7111690594895232	0.927
0.07220197566974562	0.3029849344381865	0.4260378462691683	0.7111690594895232	0.927
0.07278955800230302	0.3029849344381865	0.4260378462691683	0.7111690594895232	0.927
0.07337714033486042	0.3029849344381865	0.4260378462691683	0.7111690594895232	0.927
0.07396472266741783	0.3029849344381865	0.4260378462691683	0.7111690594895232	0.927
0.07455230499997523	0.3029849344381865	0.4260378462691683	0.7111690594895232	0.927
0.07513988733253263	0.3029849344381865	0.4260378462691683	0.7111690594895232	0.927
0.07572746966509003	0.3029849344381865	0.4260378462691683	0.7111690594895232	0.927
0.07631505199764743	0.3029849344381865	0.4260378462691683	0.7111690594895232	0.927
0.07690263433020483	0.3029849344381865	0.4260378462691683	0.7111690594895232	0.927
0.07749021666276223	0.3029849344381865	0.4260378462691683	0.7111690594895232	0.927
0.07807779899531964	0.3029849344381865	0.4260378462691683	0.7111690594895232	0.927
0.07866538132787704	0.3029849344381865	0.4260378462691683	0.7111690594895232	0.927
0.07925296366043444	0.3029849344381865	0.4260378462691683	0.7111690594895232	0.927
0.07984054599299184	0.3029849344381865	0.4260378462691683	0.7111690594895232	0.927
0.08042812832554924	0.3029849344381865	0.4260378462691683	0.7111690594895232	0.927
0.08101571065810664	0.3029849344381865	0.4260378462691683	0.7111690594895232	0.927
0.08160329299066404	0.3029849344381865	0.4260378462691683	0.7111690594895232	0.927
0.08219087532322145	0.3029849344381865	0.4260378462691683	0.7111690594895232	0.927
0.08277845765577885	0.3029849344381865	0.4260378462691683	0.7111690594895232	0.927
0.0833660399883363	0.3029849344381865	0.4260378462691683	0.7111690594895232	0.927
0.0839536223208937	0.3029849344381865	0.4260378462691683	0.7111690594895232	0.927
0.08454120465345111	0.3029849344381865	0.4260378462691683	0.7111690594895232	0.927
0.08512878698600851	0.3029849344381865	0.4260378462691683	0.7111690594895232	0.927
0.08571636931856591	0.3029849344381865	0.4260378462691683	0.7111690594895232	0.927
0.08630395165112331	0.3029849344381865	0.4260378462691683	0.7111690594895232	0.927
0.08689153398368071	0.3029849344381865	0.4260378462691683	0.7111690594895232	0.927
0.08747911631623811	0.3029849344381865	0.4260378462691683	0.7111690594895232	0.927
0.08806669864879552	0.3029849344381865	0.4260378462691683	0.7111690594895232	0.927
0.08865428098135292	0.3029849344381865	0.4260378462691683	0.7111690594895232	0.927
0.08924186331391032	0.3029849344381865	0.4260378462691683	0.7111690594895232	0.927
0.08982944564646772	0.3029849344381865	0.4260378462691683	0.7111690594895232	0.927
0.09041702797902512	0.3029849344381865	0.4260378462691683	0.7111690594895232	0.927
0.09100461031158252	0.3029849344381865	0.4260378462691683	0.7111690594895232	0.927
0.09159219264413992	0.3029849344381865	0.4260378462691683	0.7111690594895232	0.927
0.09217977497669733	0.3029849344381865	0.4260378462691683	0.7111690594895232	0.927
0.09276735730925473	0.3029849344381865	0.26549579254918465	1.141204278715855	0.927
0.09335493964181213	0.3029849344381865	0.26549579254918465	1.141204278715855	0.927
0.09394252197436953	0.3029849344381865	0.26549579254918465	1.141204278715855	0.927
0.09453010430692693	0.3029849344381865	0.26549579254918465	1.141204278715855	0.927
0.09511768663948433	0.3029849344381865	0.26549579254918465	1.141204278715855	0.927
0.09570526897204173	0.3029849344381865	0.26549579254918465	1.141204278715855	0.927
0.09629285130459914	0.3029849344381865	0.26549579254918465	1.141204278715855	0.927
0.09688043363715654	0.3029849344381865	0.26549579254918465	1.141204278715855	0.927
0.09746801596971394	0.3029849344381865	0.26549579254918465	1.141204278715855	0.927
0.09805559830227134	0.3029849344381865	0.26549579254918465	1.141204278715855	0.927
0.09864318063482874	0.3029849344381865	0.26549579254918465	1.141204278715855	0.927
0.09923076296738614	0.3029849344381865	0.26549579254918465	1.141204278715855	0.927
0.09981834529994354	0.3029849344381865	0.26549579254918465	1.141204278715855	0.927
0.10040592763250095	0.3029849344381865	0.26549579254918465	1.141204278715855	0.927
0.10099350996505835	0.3029849344381865	0.26549579254918465	1.141204278715855	0.927
0.1015810922976158	0.3029849344381865	0.26549579254918465	1.141204278715855	0.927
0.1021686746301732	0.3029849344381865	0.26549579254918465	1.141204278715855	0.927
0.10275625696273061	0.3029849344381865	0.26549579254918465	1.141204278715855	0.927
0.10334383929528801	0.3029849344381865	0.26549579254918465	1.141204278715855	0.927
0.10393142162784541	0.3029849344381865	0.26549579254918465	1.141204278715855	0.927
0.10451900396040281	0.3029849344381865	0.26549579254918465	1.141204278715855	0.927
0.10510658629296021	0.3029849344381865	0.26549579254918465	1.141204278715855	0.927
0.10569416862551761	0.3029849344381865	0.26549579254918465	1.141204278715855	0.927
0.10628175095807502	0.3029849344381865	0.26549579254918465	1.141204278715855	0.927
0.10686933329063242	0.3029849344381865	0.26549579254918465	1.141204278715855	0.927
0.10745691562318982	0.3029849344381865	0.26549579254918465	1.141204278715855	0.927
0.10804449795574722	0.3029849344381865	0.26549579254918465	1.141204278715855	0.927
0.10863208028830462	0.3029849344381865	0.26549579254918465	1.141204278715855	0.927
0.10921966262086202	0.3029849344381865	0.26549579254918465	1.141204278715855	0.927
0.10980724495341943	0.3029849344381865	0.26549579254918465	1.141204278715855	0.927
0.11039482728597683	0.3029849344381865	0.26549579254918465	1.141204278715855	0.927
0.11098240961853423	0.3029849344381865	0.26549579254918465	1.141204278715855	0.927
0.11156999195109163	0.3029849344381865	0.26549579254918465	1.141204278715855	0.927
0.11215757428364903	0.3029849344381865	0.26549579254918465	1.141204278715855	0.927
0.11274515661620643	0.3029849344381865	0.26549579254918465	1.141204278715855	0.927
0.11333273894876383	0.3029849344381865	0.26549579254918465	1.141204278715855	0.927
0.11392032128132124	0.3029849344381865	0.26549579254918465	1.141204278715855	0.927
0.11450790361387864	0.3029849344381865	0.26549579254918465	1.141204278715855	0.927
0.11509548594643604	0.3029849344381865	0.26549579254918465	1.141204278715855	0.927
0.11568306827899344	0.3029849344381865	0.26549579254918465	1.141204278715855	0.927
0.11627065061155084	0.3029849344381865	0.26549579254918465	1.141204278715855	0.927
0.11685823294410824	0.3029849344381865	0.26549579254918465	1.141204278715855	0.927
0.11744581527666564	0.3029849344381865	0.26549579254918465	1.141204278715855	0.927
0.11803339760922305	0.3029849344381865	0.26549579254918465	1.141204278715855	0.927
0.11862097994178045	0.3029849344381865	0.26549579254918465	1.141204278715855	0.927
0.11920856227433785	0.3029849344381865	0.26549579254918465	1.141204278715855	0.927
0.11979614460689525	0.3029849344381865	0.26549579254918465	1.141204278715855	0.927
0.12038372693945265	0.3029849344381865	0.26549579254918465	1.141204278715855	0.927
0.12097130927201011	0.3029849344381865	0.26549579254918465	1.141204278715855	0.927
0.12155889160456751	0.3029849344381865	0.26549579254918465	1.141204278715855	0.927
0.12214647393712491	0.3029849344381865	0.26549579254918465	1.141204278715855	0.927
0.12273405626968231	0.3029849344381865	0.26549579254918465	1.141204278715855	0.927
0.12332163860223971	0.3029849344381865	0.26549579254918465	1.141204278715855	0.927
0.12390922093479712	0.3029849344381865	0.26549579254918465	1.141204278715855	0.927
0.12449680326735452	0.3029849344381865	0.26549579254918465	1.141204278715855	0.927
0.12508438559991192	0.3029849344381865	0.26549579254918465	1.141204278715855	0.927
0.12567196793246932	0.3029849344381865	0.26549579254918465	1.141204278715855	0.927
0.12625955026502672	0.3029849344381865	0.26549579254918465	1.141204278715855	0.927
0.12684713259758412	0.3029849344381865	0.26549579254918465	1.141204278715855	0.927
0.12743471493014152	0.3029849344381865	0.26549579254918465	1.141204278715855	0.927
0.12802229726269893	0.3029849344381865	0.26549579254918465	1.141204278715855	0.927
0.12860987959525633	0.3029849344381865	0.26549579254918465	1.141204278715855	0.927
0.12919746192781373	0.3029849344381865	0.26549579254918465	1.141204278715855	0.927
0.12978504426037113	0.3029849344381865	0.26549579254918465	1.141204278715855	0.927
0.13037262659292853	0.3029849344381865	0.26549579254918465	1.141204278715855	0.927
0.13096020892548593	0.3029849344381865	0.26549579254918465	1.141204278715855	0.927
0.13154779125804333	0.3029849344381865	0.26549579254918465	1.141204278715855	0.927
0.13213537359060074	0.3029849344381865	0.26549579254918465	1.141204278715855	0.927
0.13272295592315814	0.3029849344381865	0.26549579254918465	1.141204278715855	0.927
0.13331053825571554	0.3029849344381865	0.26549579254918465	1.141204278715855	0.927
0.13389812058827294	0.3029849344381865	0.26549579254918465	1.141204278715855	0.927
0.13448570292083034	0.3029849344381865	0.26549579254918465	1.141204278715855	0.927
0.13507328525338774	0.3029849344381865	0.26549579254918465	1.141204278715855	0.927
0.13566086758594514	0.3029849344381865	0.26549579254918465	1.141204278715855	0.927
0.13624844991850255	0.3029849344381865	0.26549579254918465	1.141204278715855	0.927
0.13683603225105995	0.3029849344381865	0.26549579254918465	1.141204278715855	0.927
0.13742361458361735	0.3029849344381865	0.26549579254918465	1.141204278715855	0.927
0.13801119691617475	0.3029849344381865	0.26549579254918465	1.141204278715855	0.927
0.13859877924873215	0.3029849344381865	0.26549579254918465	1.141204278715855	0.927
0.1391863615812896	0.3029849344381865	0.26549579254918465	1.141204278715855	0.927
0.139773943913847	0.3029849344381865	0.26549579254918465	1.141204278715855	0.927
0.1403615262464044	0.3029849344381865	0.26549579254918465	1.141204278715855	0.927
0.1409491085789618	0.3029849344381865	0.26549579254918465	1.141204278715855	0.927
0.14153669091151921	0.3029849344381865	0.26549579254918465	1.141204278715855	0.927
0.14212427324407662	0.3029849344381865	0.26549579254918465	1.141204278715855	0.927
0.14271185557663402	0.3029849344381865	0.26549579254918465	1.141204278715855	0.927
0.14329943790919142	0.3029849344381865	0.26549579254918465	1.141204278715855	0.927
0.14388702024174882	0.3029849344381865	0.26549579254918465	1.141204278715855	0.927
0.14447460257430622	0.3029849344381865	0.26549579254918465	1.141204278715855	0.927
0.14506218490686362	0.3029849344381865	0.26549579254918465	1.141204278715855	0.927
0.14564976723942102	0.3029849344381865	0.26549579254918465	1.141204278715855	0.927
0.14623734957197843	0.3029849344381865	0.26549579254918465	1.141204278715855	0.927
0.14682493190453583	0.3029849344381865	0.26549579254918465	1.141204278715855	0.927
0.14741251423709323	0.3029849344381865	0.26549579254918465	1.141204278715855	0.927
0.14800009656965063	0.3029849344381865	0.26549579254918465	1.141204278715855	0.927
0.14858767890220803	0.3029849344381865	0.26549579254918465	1.141204278715855	0.927
0.14917526123476543	0.3029849344381865	0.26549579254918465	1.141204278715855	0.927
0.14976284356732283	0.3029849344381865	0.26549579254918465	1.141204278715855	0.927
0.15035042589988024	0.3029849344381865	0.26549579254918465	1.141204278715855	0.927
0.15093800823243764	0.3029849344381865	0.26549579254918465	1.141204278715855	0.927
0.15152559056499504	0.3029849344381865	0.26549579254918465	1.141204278715855	0.927
0.15211317289755244	0.3029849344381865	0.26549579254918465	1.141204278715855	0.927
0.15270075523010984	0.3029849344381865	0.26549579254918465	1.141204278715855	0.927
0.15328833756266724	0.3029849344381865	0.26549579254918465	1.141204278715855	0.927
0.15387591989522464	0.3029849344381865	0.26549579254918465	1.141204278715855	0.927
0.15446350222778205	0.3029849344381865	0.26549579254918465	1.141204278715855	0.927
0.15505108456033945	0.3029849344381865	0.26549579254918465	1.141204278715855	0.927
0.15563866689289685	0.3029849344381865	0.26549579254918465	1.141204278715855	0.927
0.15622624922545425	0.3029849344381865	0.26549579254918465	1.141204278715855	0.927
0.15681383155801165	0.3029849344381865	0.26549579254918465	1.141204278715855	0.927
0.15740141389056905	0.3029849344381865	0.26549579254918465	1.141204278715855	0.927
0.15798899622312645	0.3029849344381865	0.26549579254918465	1.141204278715855	0.927
0.1585765785556839	0.3029849344381865	0.26549579254918465	1.141204278715855	0.927
0.1591641608882413	0.3029849344381865	0.26549579254918465	1.141204278715855	0.927
0.15975174322079871	0.3029849344381865	0.26549579254918465	1.141204278715855	0.927
0.16033932555335612	0.3029849344381865	0.26549579254918465	1.141204278715855	0.927
0.16092690788591352	0.3029849344381865	0.26549579254918465	1.141204278715855	0.927
0.16151449021847092	0.3029849344381865	0.26549579254918465	1.141204278715855	0.927
0.16210207255102832	0.3029849344381865	0.26549579254918465	1.141204278715855	0.927
0.16268965488358572	0.3029849344381865	0.26549579254918465	1.141204278715855	0.927
0.16327723721614312	0.3029849344381865	0.26549579254918465	1.141204278715855	0.927
0.16386481954870052	0.3029849344381865	0.26549579254918465	1.141204278715855	0.927
0.16445240188125793	0.3029849344381865	0.26549579254918465	1.141204278715855	0.927
0.16503998421381533	0.3029849344381865	0.26549579254918465	1.141204278715855	0.927
0.16562756654637273	0.3029849344381865	0.26549579254918465	1.141204278715855	0.927
0.16621514887893013	0.3029849344381865	0.26549579254918465	1.141204278715855	0.927
0.16680273121148753	0.3029849344381865	0.26549579254918465	1.141204278715855	0.927
0.16739031354404493	0.3029849344381865	0.26549579254918465	1.141204278715855	0.927
0.16797789587660233	0.3029849344381865	0.26549579254918465	1.141204278715855	0.927
0.16856547820915974	0.3029849344381865	0.26549579254918465	1.141204278715855	0.927
0.16915306054171714	0.3029849344381865	0.26549579254918465	1.141204278715855	0.927
0.16974064287427454	0.3029849344381865	0.26549579254918465	1.141204278715855	0.927
0.17032822520683194	0.3029849344381865	0.26549579254918465	1.141204278715855	0.927
0.17091580753938934	0.3029849344381865	0.26549579254918465	1.141204278715855	0.927
0.17150338987194674	0.3029849344381865	0.26549579254918465	1.141204278715855	0.927
0.17209097220450414	0.3029849344381865	0.26549579254918465	1.141204278715855	0.927
0.17267855453706155	0.3029849344381865	0.26549579254918465	1.141204278715855	0.927
0.17326613686961895	0.3029849344381865	0.26549579254918465	1.141204278715855	0.927
0.17385371920217635	0.3029849344381865	0.26549579254918465	1.141204278715855	0.927
0.17444130153473375	0.3029849344381865	0.26549579254918465	1.141204278715855	0.927
0.17502888386729115	0.3029849344381865	0.26549579254918465	1.141204278715855	0.927
0.17561646619984855	0.1	0.125	0.8	0.0
0.17620404853240595	0.1	0.125	0.8	0.0
0.1767916308649634	0.1	0.125	0.8	0.0
0.1773792131975208	0.1	0.125	0.8	0.0
0.17796679553007821	0.1	0.125	0.8	0.0
0.17855437786263562	0.1	0.125	0.8	0.0
0.17914196019519302	0.1	0.125	0.8	0.0
0.17972954252775042	0.1	0.125	0.8	0.0
0.18031712486030782	0.1	0.125	0.8	0.0
0.18090470719286522	0.1	0.125	0.8	0.0
0.18149228952542262	0.1	0.125	0.8	0.0
0.18207987185798002	0.1	0.125	0.8	0.0
0.18266745419053743	0.1	0.125	0.8	0.0
0.18325503652309483	0.1	0.125	0.8	0.0
0.18384261885565223	0.1	0.125	0.8	0.0
0.18443020118820963	0.1	0.125	0.8	0.0
0.18501778352076703	0.1	0.125	0.8	0.0
0.18560536585332443	0.1	0.125	0.8	0.0
0.18619294818588183	0.1	0.125	0.8	0.0
0.18678053051843924	0.1	0.125	0.8	0.0
0.18736811285099664	0.1	0.125	0.8	0.0
0.18795569518355404	0.1	0.125	0.8	0.0
0.18854327751611144	0.1	0.125	0.8	0.0
0.18913085984866884	0.1	0.125	0.8	0.0
0.18971844218122624	0.1	0.125	0.8	0.0
0.19030602451378364	0.1	0.125	0.8	0.0
0.19089360684634105	0.1	0.125	0.8	0.0
0.19148118917889845	0.1	0.125	0.8	0.0
0.19206877151145585	0.1	0.125	0.8	0.0
0.19265635384401325	0.1	0.125	0.8	0.0
0.19324393617657065	0.1	0.125	0.8	0.0
0.19383151850912805	0.1	0.125	0.8	0.0
0.19441910084168545	0.1	0.125	0.8	0.0
0.19500668317424286	0.1	0.125	0.8	0.0
0.19559426550680026	0.1	0.125	0.8	0.0
0.19618184783935771	0.1	0.125	0.8	0.0
0.19676943017191512	0.1	0.125	0.8	0.0
0.19735701250447252	0.1	0.125	0.8	0.0
0.19794459483702992	0.1	0.125	0.8	0.0
0.19853217716958732	0.1	0.125	0.8	0.0
0.19911975950214472	0.1	0.125	0.8	0.0
0.19970734183470212	0.1	0.125	0.8	0.0
0.20029492416725952	0.1	0.125	0.8	0.0
0.20088250649981693	0.1	0.125	0.8	0.0
0.20147008883237433	0.1	0.125	0.8	0.0
0.20205767116493173	0.1	0.125	0.8	0.0
0.20264525349748913	0.1	0.125	0.8	0.0
0.20323283583004653	0.1	0.125	0.8	0.0
0.20382041816260393	0.1	0.125	0.8	0.0
0.20440800049516133	0.1	0.125	0.8	0.0
0.20499558282771874	0.1	0.125	0.8	0.0
0.20558316516027614	0.1	0.125	0.8	0.0
0.20617074749283354	0.1	0.125	0.8	0.0
0.20675832982539094	0.1	0.125	0.8	0.0
0.20734591215794834	0.1	0.125	0.8	0.0
0.20793349449050574	0.1	0.125	0.8	0.0
0.20852107682306315	0.1	0.125	0.8	0.0
0.20910865915562055	0.1	0.125	0.8	0.0
0.20969624148817795	0.1	0.125	0.8	0.0
0.21028382382073535	0.1	0.125	0.8	0.0
0.21087140615329275	0.1	0.125	0.8	0.0
0.21145898848585015	0.1	0.125	0.8	0.0
0.21204657081840755	0.1	0.125	0.8	0.0
0.21263415315096496	0.1	0.125	0.8	0.0
0.21322173548352236	0.1	0.125	0.8	0.0
0.21380931781607976	0.1	0.125	0.8	0.0
0.21439690014863722	0.1	0.125	0.8	0.0
0.21498448248119462	0.1	0.125	0.8	0.0
0.21557206481375202	0.1	0.125	0.8	0.0
0.21615964714630942	0.1	0.125	0.8	0.0
0.21674722947886682	0.1	0.125	0.8	0.0
0.21733481181142422	0.1	0.125	0.8	0.0
0.21792239414398162	0.1	0.125	0.8	0.0
0.21850997647653903	0.1	0.125	0.8	0.0
0.21909755880909643	0.1	0.125	0.8	0.0
0.21968514114165383	0.1	0.125	0.8	0.0
0.22027272347421123	0.1	0.125	0.8	0.0
0.22086030580676863	0.1	0.125	0.8	0.0
0.22144788813932603	0.1	0.125	0.8	0.0
0.22203547047188343	0.1	0.125	0.8	0.0
0.22262305280444084	0.1	0.125	0.8	0.0
0.22321063513699824	0.1	0.125	0.8	0.0
0.22379821746955564	0.1	0.125	0.8	0.0
0.22438579980211304	0.1	0.125	0.8	0.0
0.22497338213467044	0.1	0.125	0.8	0.0
0.22556096446722784	0.1	0.125	0.8	0.0
0.22614854679978524	0.1	0.125	0.8	0.0
0.22673612913234265	0.1	0.125	0.8	0.0
0.22732371146490005	0.1	0.125	0.8	0.0
0.22791129379745745	0.1	0.125	0.8	0.0
0.22849887613001485	0.1	0.125	0.8	0.0
0.22908645846257225	0.1	0.125	0.8	0.0
0.22967404079512965	0.1	0.125	0.8	0.0
0.23026162312768705	0.1	0.125	0.8	0.0
0.23084920546024446	0.1	0.125	0.8	0.0
0.23143678779280186	0.1	0.125	0.8	0.0
0.23202437012535926	0.1	0.125	0.8	0.0
0.23261195245791666	0.1	0.125	0.8	0.0
0.23319953479047406	0.1	0.125	0.8	0.0
0.23378711712303152	0.1	0.125	0.8	0.0
0.23437469945558892	0.1	0.125	0.8	0.0
0.23496228178814627	0.1	0.125	0.8	0.0
0.23554986412070367	0.1	0.125	0.8	0.0
0.23613744645326107	0.1	0.125	0.8	0.0
0.23672502878581847	0.1	0.125	0.8	0.0
0.23731261111837587	0.1	0.125	0.8	0.0
0.23790019345093327	0.1	0.125	0.8	0.0
0.23848777578349067	0.1	0.125	0.8	0.0
0.23907535811604808	0.1	0.125	0.8	0.0
0.23966294044860548	0.1	0.125	0.8	0.0
0.24025052278116288	0.1	0.125	0.8	0.0
0.24083810511372028	0.1	0.125	0.8	0.0
0.24142568744627768	0.1	0.125	0.8	0.0
0.24201326977883508	0.1	0.125	0.8	0.0
0.2426008521113926	0.1	0.125	0.8	0.0
0.24318843444395	0.1	0.125	0.8	0.0
0.2437760167765074	0.1	0.125	0.8	0.0
0.2443635991090648	0.1	0.125	0.8	0.0
0.2449511814416222	0.1	0.125	0.8	0.0
0.2455387637741796	0.1	0.125	0.8	0.0
0.246126346106737	0.1	0.125	0.8	0.0
0.2467139284392944	0.1	0.125	0.8	0.0
0.2473015107718518	0.1	0.125	0.8	0.0
0.2478890931044092	0.1	0.125	0.8	0.0
0.2484766754369666	0.1	0.125	0.8	0.0
0.249064257769524	0.1	0.125	0.8	0.0
0.2496518401020814	0.1	0.125	0.8	0.0
0.2502394224346388	0.1	0.125	0.8	0.0
0.2508270047671962	0.1	0.125	0.8	0.0
0.2514145870997536	0.1	0.125	0.8	0.0
0.252002169432311	0.1	0.125	0.8	0.0
0.2525897517648684	0.1	0.125	0.8	0.0
0.2531773340974258	0.1	0.125	0.8	0.0
0.2537649164299832	0.1	0.125	0.8	0.0
0.2543524987625406	0.1	0.125	0.8	0.0
0.254940081095098	0.1	0.125	0.8	0.0
0.2555276634276554	0.1	0.125	0.8	0.0
0.25611524576021283	0.1	0.125	0.8	0.0
0.25670282809277023	0.1	0.125	0.8	0.0
0.25729041042532763	0.1	0.125	0.8	0.0
0.25787799275788503	0.1	0.125	0.8	0.0
0.25846557509044243	0.1	0.125	0.8	0.0
0.25905315742299984	0.1	0.125	0.8	0.0
0.25964073975555724	0.1	0.125	0.8	0.0
0.26022832208811464	0.1	0.125	0.8	0.0
0.26081590442067204	0.1	0.125	0.8	0.0
0.26140348675322944	0.1	0.125	0.8	0.0
0.26199106908578684	0.1	0.125	0.8	0.0
0.26257865141834424	0.1	0.125	0.8	0.0
0.26316623375090165	0.1	0.125	0.8	0.0
0.26375381608345905	0.1	0.125	0.8	0.0
0.26434139841601645	0.1	0.125	0.8	0.0
0.26492898074857385	0.1	0.125	0.8	0.0
0.26551656308113125	0.1	0.125	0.8	0.0
0.26610414541368865	0.1	0.125	0.8	0.0
0.26669172774624605	0.1	0.125	0.8	0.0
0.26727931007880346	0.1	0.125	0.8	0.0
0.26786689241136086	0.1	0.125	0.8	0.0
0.26845447474391826	0.1	0.125	0.8	0.0
0.26904205707647566	0.1	0.125	0.8	0.0
0.26962963940903306	0.1	0.125	0.8	0.0
0.27021722174159046	0.1	0.125	0.8	0.0
0.27080480407414786	0.1	0.125	0.8	0.0
0.27139238640670527	0.1	0.125	0.8	0.0
0.27197996873926267	0.1	0.125	0.8	0.0
0.27256755107182007	0.1	0.125	0.8	0.0
0.27315513340437747	0.1	0.125	0.8	0.0
0.27374271573693487	0.1	0.125	0.8	0.0
0.2743302980694923	0.1	0.125	0.8	0.0
0.2749178804020497	0.1	0.125	0.8	0.0
0.2755054627346071	0.1	0.125	0.8	0.0
0.2760930450671645	0.1	0.125	0.8	0.0
0.2766806273997219	0.1	0.125	0.8	0.0
0.2772682097322793	0.1	0.125	0.8	0.0
0.2778557920648367	0.1	0.125	0.8	0.0
0.2784433743973941	0.1	0.125	0.8	0.0
0.2790309567299515	0.1	0.125	0.8	0.0
0.2796185390625089	0.1	0.125	0.8	0.0
0.2802061213950663	0.1	0.125	0.8	0.0
0.2807937037276238	0.1	0.125	0.8	0.0
0.2813812860601812	0.1	0.125	0.8	0.0
0.2819688683927386	0.1	0.125	0.8	0.0
0.282556450725296	0.1	0.125	0.8	0.0
0.2831440330578534	0.1	0.125	0.8	0.0
0.2837316153904108	0.1	0.125	0.8	0.0
0.2843191977229682	0.1	0.125	0.8	0.0
0.2849067800555256	0.1	0.125	0.8	0.0
0.285494362388083	0.1	0.125	0.8	0.0
0.2860819447206404	0.1	0.125	0.8	0.0
0.2866695270531978	0.1	0.125	0.8	0.0
0.2872571093857552	0.1	0.125	0.8	0.0
0.2878446917183126	0.1	0.125	0.8	0.0
0.28843227405087	0.1	0.125	0.8	0.0
0.2890198563834274	0.1	0.125	0.8	0.0
0.2896074387159848	0.1	0.125	0.8	0.0
0.2901950210485422	0.1	0.125	0.8	0.0
0.2907826033810996	0.1	0.125	0.8	0.0
0.291370185713657	0.1	0.125	0.8	0.0
0.2919577680462144	0.1	0.125	0.8	0.0
0.29254535037877183	0.1	0.125	0.8	0.0
0.29313293271132923	0.1	0.125	0.8	0.0
0.29372051504388663	0.1	0.125	0.8	0.0
0.29430809737644403	0.1	0.125	0.8	0.0
0.29489567970900143	0.1	0.125	0.8	0.0
0.29548326204155884	0.1	0.125	0.8	0.0
0.29607084437411624	0.1	0.125	0.8	0.0
0.29665842670667364	0.1	0.125	0.8	0.0
0.29724600903923104	0.1	0.125	0.8	0.0
0.29783359137178844	0.1	0.125	0.8	0.0
0.29842117370434584	0.1	0.125	0.8	0.0
0.29900875603690324	0.1	0.125	0.8	0.0
0.29959633836946065	0.1	0.125	0.8	0.0
0.30018392070201805	0.1	0.125	0.8	0.0
0.30077150303457545	0.1	0.125	0.8	0.0
0.30135908536713285	0.1	0.125	0.8	0.0
0.30194666769969025	0.1	0.125	0.8	0.0
0.30253425003224765	0.1	0.125	0.8	0.0
0.30312183236480505	0.1	0.125	0.8	0.0
0.30370941469736246	0.1	0.125	0.8	0.0
0.30429699702991986	0.1	0.125	0.8	0.0
0.30488457936247726	0.1	0.125	0.8	0.0
0.30547216169503466	0.1	0.125	0.8	0.0
0.30605974402759206	0.1	0.125	0.8	0.0
0.30664732636014946	0.1	0.125	0.8	0.0
0.30723490869270687	0.1	0.125	0.8	0.0
0.30782249102526427	0.1	0.125	0.8	0.0
0.30841007335782167	0.1	0.125	0.8	0.0
0.30899765569037907	0.1	0.125	0.8	0.0
0.30958523802293647	0.1	0.125	0.8	0.0
0.3101728203554939	0.1	0.125	0.8	0.0
0.3107604026880513	0.1	0.125	0.8	0.0
0.3113479850206087	0.1	0.125	0.8	0.0
0.3119355673531661	0.1	0.125	0.8	0.0
0.3125231496857235	0.1	0.125	0.8	0.0
0.3131107320182809	0.1	0.125	0.8	0.0
0.3136983143508383	0.1	0.125	0.8	0.0
0.3142858966833957	0.1	0.125	0.8	0.0
0.3148734790159531	0.1	0.125	0.8	0.0
0.3154610613485105	0.1	0.125	0.8	0.0
0.3160486436810679	0.1	0.125	0.8	0.0
0.3166362260136253	0.1	0.125	0.8	0.0
0.3172238083461827	0.1	0.125	0.8	0.0
0.3178113906787402	0.1	0.125	0.8	0.0
0.3183989730112976	0.1	0.125	0.8	0.0
0.318986555343855	0.1	0.125	0.8	0.0
0.3195741376764124	0.1	0.125	0.8	0.0
0.3201617200089698	0.1	0.125	0.8	0.0
0.3207493023415272	0.1	0.125	0.8	0.0
0.3213368846740846	0.1	0.125	0.8	0.0
0.321924467006642	0.1	0.125	0.8	0.0
