TRANS ALL
H2                 1    38.000     2.920     0.000     0.790   280.000          
O2                 1   107.400     3.458     0.000     1.600     3.800          
H2O                2   572.400     2.605     1.844     0.000     4.000          
H                  0   145.000     2.050     0.000     0.000     0.000          
O                  0    80.000     2.750     0.000     0.000     0.000          
OH                 1    80.000     2.750     0.000     0.000     0.000          
HO2                2   107.400     3.458     0.000     0.000     1.000          
H2O2               2   107.400     3.458     0.000     0.000     3.800          
N2                 1    97.530     3.621     0.000     1.760     4.000          
END
