0.000001	1499.997398	0.060000	0.499999	0.000000
0.000002	1499.999332	0.059999	0.499990	0.000001
0.000003	1500.034107	0.059990	0.499932	0.000006
0.000004	1500.307462	0.059930	0.499519	0.000046
0.000005	1502.417588	0.059496	0.496573	0.000336
0.000006	1519.507605	0.056404	0.475723	0.002456
0.000007	1650.135667	0.037061	0.340881	0.017931
0.000008	2116.894928	0.013142	0.125510	0.058683
0.000009	2503.765843	0.013286	0.104799	0.076370
0.000010	2768.653200	0.013168	0.094473	0.084895
0.000011	2955.950877	0.012922	0.087800	0.089230
0.000012	3082.110852	0.012685	0.083501	0.091367
0.000013	3158.524661	0.012513	0.080940	0.092363
0.000014	3199.848564	0.012410	0.079560	0.092811
0.000015	3220.390901	0.012357	0.078874	0.093011
0.000016	3230.106460	0.012331	0.078549	0.093100
0.000017	3234.584710	0.012319	0.078399	0.093140
0.000018	3236.623495	0.012314	0.078330	0.093158
0.000019	3237.546357	0.012311	0.078299	0.093166
0.000020	3237.963001	0.012310	0.078286	0.093169
0.000021	3238.150875	0.012310	0.078279	0.093171
0.000022	3238.235551	0.012309	0.078276	0.093172
0.000023	3238.273704	0.012309	0.078275	0.093172
0.000024	3238.290894	0.012309	0.078275	0.093172
0.000025	3238.298639	0.012309	0.078274	0.093172
0.000026	3238.302127	0.012309	0.078274	0.093172
0.000027	3238.303699	0.012309	0.078274	0.093172
0.000028	3238.304407	0.012309	0.078274	0.093172
0.000029	3238.304726	0.012309	0.078274	0.093172
0.000030	3238.304869	0.012309	0.078274	0.093172
